.env
__pycache__/

t = [
    0, 0.5, 1, 1.5, 2, 2.5, 3, 3.5, 4, 4.5,
    5, 5.5, 6, 6.5, 7, 7.5, 8, 8.5, 9, 9.5,
    10, 10.5, 11, 11.5, 12, 12.5, 13, 13.5, 14, 14.5, 15
]

T = [
    89.5, 88.8, 87.4, 86.5, 85.4, 84.4, 83.3, 82.4, 81.3, 80.4,
    79.4, 78.4, 77.6, 76.6, 75.8, 74.9, 74.0, 73.1, 72.2, 71.3,
    70.6, 69.8, 68.9, 67.9, 66.9, 66.5, 65.8, 65.1, 64.6, None, None
]

TA = [
    22, 22, 22, 22, 22, 22, 22, 22, 22, 22,
    21.5, 21.5, 21.5, 21.5, 21.5, 21.5, 21.5, 21.5, 21.5, 21.5,
    22.5, 22.5, 22.5, 22.5, 22.5, 22.5, 22.5, 22.5, 22.5, 22.5, 22.5
]
